3, 4, 5, 0, 2, 4, 2, 3, 0, 4, 0, 3, 0, 2, 0, 4, 2, 3, 5, 2, 3, 4, 2, 3, 2, 4, 2, 3, 0, 2, 3
3 4 5 0 2 4 2 3 0 4 0 3 0 2 0 4 2 3 5 2 3 4 2 3 2 4 2 3 0 2 3
3 4 5 0 2 4 2 3 0 4 0 3 0 2 0 4 2 3 5 2 3 4 2 3 2 4 2 3 0 2 3
3 4 5 0 2 4 2 3 0 4 0 3 0 2 0 4 2 3 5 2 3 4 2 3 2 4 2 3 0 2 3
3 4 5 0 2 4 2 3 0 4 0 3 0 2 0 4 2 3 5 2 3 4 2 3 2 4 2 3 0 2 3
3 4 5 0 2 4 2 3 0 4 0 3 0 2 0 4 2 3 5 2 3 4 2 3 2 4 2 3 0 2 3
3 4 5 0 2 4 2 3 0 4 0 3 0 2 0 4 2 3 5 2 3 4 2 3 2 4 2 3 0 2 3
3 4 5 0 2 4 2 3 0 4 0 3 0 2 0 4 2 3 5 2 3 4 2 3 2 4 2 3 0 2 3
3 4 5 0 2 4 2 3 0 4 0 3 0 2 0 4 2 3 5 2 3 4 2 3 2 4 2 3 0 2 3
3 4 5 0 2 4 2 3 0 4 0 3 0 2 0 4 2 3 5 2 3 4 2 3 2 4 2 3 0 2 3
3 4 5 0 2 4 2 3 0 4 0 3 0 2 0 4 2 3 5 2 3 4 2 3 2 4 2 3 0 2 3
3 4 5 0 2 4 2 3 0 4 0 3 0 2 0 4 2 3 5 2 3 4 2 3 2 4 2 3 0 2 3